Bakerloo
113,112,109,108,107,105,100,99,98,97,96,95,94,134,135,142,240,235,226,224,223,287,289,290

Central
35,53,54,55,56,57,58,89,88,87,148,147,230,231,232,234,235,236,276,278,280,281,347,349,413,535,551,562,563,564,565,566,567,568,569

Central2
17,62,89,88,87,148,147,230,231,232,234,235,236,276,278,280,281,347,349,413,535,551,562,563,564,561,560,559,558,557,556,555,554,553,552

Circle
144,146,212,215,216,217,219,220,223,285,284,283,332,339,241,141,143,93,92,91,90,86,85,84,83 

District
16,15,66,67,74,76,77,78,79,80,212,215,216,217,219,220,223,285,284,283,332,344,345,348,449,501,503,504,505,506,509,510,511,512,513,514,515,516

District2
70,69,68,74,76,77,78,79,80,212,215,216,217,219,220,223,285,284,283,332,344,345,348,449,501,503,504,505,506,509,510,511,512,513,514,515,516

District3
144,146,153,154,156,157,158,159,160,161,162

Hammersmith
83,84,85,56,90,91,92,93,143,141,241,344,345,348,499,501,503,504,505,506

Jubilee
120,121,122,123,124,126,127,128,129,137,138,139,140,142,233,227,221,286,228,331,328,326,423,469,496,500,413

Metropolitan
36,37,38,39,42,41,40,41,43,44,45,46,47,48,110,111,125,136,141,241,339

Metropolitan2
32,33,34,52,51,50,49,48,110,111,125,136,141,241,339

Northern
261,260,259,265,266,267,268,251,250,249,248,243,239,238,237,225,224,222,286,201,209,208

Northern2
381,380,379,378,377,376,375,374,373,371,370,249,244,246,273,341,340,282,331,329,290,200,199,202,191,190,189,188,187,186,181,180,179

Piccadilly
32,33,34,52,51,50,104,103,102,101,59,60,14,65,75,82,81,152,213,214,229,228,227,226,225,227,276,274,246,363,364,365,366,368,387,388,389,390,391,392,393

Piccadilly2
2,1,3,4,6,7,8,9,10,11,12,13,65,75,82,81,152,213,214,229,228,227,226,225,227,276,274,246,363,364,365,366,368,387,388,389,390,391,392,393

Victoria

Waterloo

DLR

Elizabeth

LondonTrams

IFSCloudCableCar

ThamesLink

District

Liberty

Lioness

Mildmay

Suffragette

Weaver

Windrush
